mass_A
t	x	y	v_{y}	a_{y}
0.0	-0.004190156869120887	0.976449705237967		
0.01666666666666663	-0.004162593441580542	0.9763358955131612	-0.006688345682512634	
0.033333333333333375	-0.004121387081928052	0.9762267603818833	-0.02657264477864294	-0.7858613776951624
0.05	-0.00421169498390056	0.9754501406872065	-0.03962157098293639	-0.3751756138347949
0.06666666666666662	-0.004639561782110224	0.9749060413491187	-0.034027461499986776	0.31631535338180783
0.08333333333333337	-0.005643552584553346	0.9743158919705402	-0.031086457116658913	-0.3394588987043992
0.1	-0.006497067882777041	0.9738698261118968	-0.041767093246505134	-1.3661637927053978
0.11666666666666674	-0.006797052843142859	0.9729236555289901	-0.0784344719345147	-1.6935002729014625
0.13333333333333325	-0.0069110129054428815	0.9712553437140796	-0.10199296968618797	-2.112281501517878
0.15	-0.006663662356686362	0.9695238898727838	-0.14098981279123124	-1.209825767098221
0.16666666666666663	-0.007158363454199457	0.9665556832877052	-0.15583084571662534	-0.3816265609387004
0.18333333333333338	-0.0074057140029559765	0.9643295283488963	-0.14098981279123068	-4.961145292202648
0.2	-0.007900415100469071	0.9618560228613309	-0.3042411749705522	-4.96114529220284
0.21666666666666662	-0.009879219490521451	0.9541881558498779	-0.3636053066721268	-4.70672758491035
0.23333333333333325	-0.010621271136791122	0.94973584597226	-0.39328737252291024	-3.943474463032822
0.25	-0.010126570039278027	0.9410785767657809	-0.5416977017768358	-1.1448796828159418
0.2666666666666666	-0.010868621685547697	0.9316792559130321	-0.4378104712990873	4.197892170325294
0.2833333333333334	-0.009879219490521451	0.9264848943891446	-0.35618479020942767	3.053012487509358
0.3	-0.008147765649225647	0.9198064295727179	-0.3710258231348198	-8.650202047943068
0.31666666666666665	-0.0069110129054428815	0.9141173669513173	-0.59364131701571	-7.886948926065899
0.33333333333333337	-0.008642466746738742	0.9000183856721942	-0.7272106133442485	-1.5265062437546104
0.35	-0.009384518393008356	0.8898770131731757	-0.578800284090319	5.088354145848961
0.36666666666666675	-0.007653064551712552	0.8807250428691835	-0.5639592511649268	-3.053012487509358
0.38333333333333325	-0.008147765649225647	0.8710783714676782	-0.675266998105375	-3.8326390261929215
0.4	-0.007158363454199457	0.8582161429323377	-0.7239779131030785	-1.5394160531594516
0.41666666666666663	-0.004518937177740379	0.8469457743642422	-0.6962887334805187	-2.250557627317689
0.43333333333333335	-0.003963622950705292	0.8350065184829871	-0.7996524869305708	-5.828621509517795
0.45	-0.005629565631810607	0.8202906914665565	-0.9079387612024195	-2.141926304278288
0.4666666666666666	-0.004241280064222808	0.8047418931095732	-0.8746199075803128	3.5698771737972312
0.4833333333333333	-0.002297680269599922	0.7911366945472128	-0.7746633467139883	-1.8563361303745023
0.5	-0.0034083087236701504	0.7789197815524402	-0.9079387612024179	-0.9995656086632623
0.5166666666666666	-0.0031306516101525794	0.7608720691737989	-0.8912793343913686	-2.713106652085856
0.5333333333333332	-0.0014647089290472093	0.7492104704060614	-0.8912793343913626	-1.285155782567045
0.55	-0.0014647089290472093	0.73116275802742	-1.024554748879785	-1.5707459564707105
0.5666666666666668	-7.642336145941009E-5	0.7150586454434016	-0.9079387612024252	-1.2851557825671724
0.5833333333333333	-3.5408047497698103E-4	0.700898132654006	-1.0328844622853257	-2.5703115651340984
0.6	0.001311862206128389	0.6806291633672241	-1.0745330293129536	-0.9995656086631364
0.6166666666666667	0.001311862206128389	0.6650803650102408	-0.9912358952576833	0.4283852608558092
0.6333333333333333	0.0010342050926108182	0.6475879668586346	-1.0911924561240094	-4.426647695508583
0.65	0.001311862206128389	0.6287072831394406	-1.141170736557162	-0.7139754347596017
0.6666666666666667	0.001311862206128389	0.6095489423067291	-1.1161815963405912	-1.7135410434227323
0.6833333333333332	0.0015895193196459045	0.5915012299280876	-1.174489590179283	2.427516478182085
0.7	0.0024224906601986174	0.5703992893007531	-1.0911924561240094	2.713106652085856
0.7166666666666666	0.0032554620007512747	0.5551281480572874	-1.007895322068733	-0.7139754347593419
0.7333333333333335	0.001311862206128389	0.5368027785651285	-1.1578301633682184	-2.713106652085874
0.75	0.0040884333413039875	0.5165338092783467	-1.1161815963405988	-1.1423606956151549
0.7666666666666665	0.0029778048872337037	0.49959672535377553	-1.141170736557174	-3.855467347701033
0.7833333333333332	0.0018671764331634755	0.478494784726441	-1.2911055778566443	-1.2851557825669175
0.8	0.0027001477737161883	0.4565598727585538	-1.1911490169903232	2.141926304278281
0.8166666666666668	0.0029778048872337037	0.43878981749343005	-1.1661598767737524	1.142360695615151
0.8333333333333333	0.0024224906601986174	0.41768787686609554	-1.2078084438013874	-1.856336130374499
0.85	0.0032554620007512747	0.39852953603338404	-1.1911490169903227	-0.14279508695202237
0.8666666666666667	0.0021448335466810464	0.37798290963308456	-1.232797584017966	-4.283852608556562
0.8833333333333333	0.0018671764331634755	0.3574362832327852	-1.3160947180732268	-0.5711803478075755
0.9	0.0029778048872337037	0.33411308569731024	-1.2911055778566443	5.854598565027306
0.9166666666666667	0.0029778048872337037	0.3143994306375636	-1.0911924561240172	4.141057521604554
0.9333333333333332	0.0018671764331634755	0.2977400038265099	-1.1245113097461217	-5.283418217219726
0.95	0.0015895193196459045	0.27691572031269307	-1.3077650046677007	-5.569008391123734
0.9666666666666666	0.001311862206128389	0.25414783700425325	-1.316094718073218	1.4279508695186838
0.9833333333333335	0.0018671764331634755	0.23304589637691875	-1.241127297423488	2.141926304278288
1.0	-7.642336145941009E-5	0.21277692709013685	-1.2411272974235004	1.2851557825671767
1.0166666666666666	7.565479790932472E-4	0.19167498646280234	-1.2161381572069092	0.8567705217111139
1.0333333333333332	7.565479790932472E-4	0.17223898851657327	-1.1911490169903227	-2.4275164781823317
1.05	0.0010342050926108182	0.15197001922979136	-1.299435291262179	-0.8567705217111111
1.0666666666666667	-9.093947020121229E-4	0.12892447880783398	-1.2577867242345484	1.5707459564707
1.0833333333333333	2.0123375205816085E-4	0.11004379508863993	-1.1911490169903314	6.9969592606424404
1.1	-3.5408047497698103E-4	0.08921951157482289	-1.0828627427184752	3.4270820868454646
1.1166666666666667	7.565479790932472E-4	0.07394837033135726	-1.0078953220687388	-0.7139754347595993
1.1333333333333333	-3.5408047497698103E-4	0.055623000839198244	-1.1495004499627002	-5.711803478075774
1.15	-9.093947020121229E-4	0.035631688665934025	-1.1994787303958487	1.4279508695191987
1.1666666666666667	-0.0011870518155296383	0.015640376492669805	-1.1078518829350537	27.55945178171421
1.1833333333333333	-0.0031306516101525794	-0.001296707431901245	-0.3498479630321231	78.53729782353807
1.2	-0.002297680269599922	0.00397877772493227	1.5160078398058754	81.39319956257596
1.2166666666666666	-0.0014647089290472093	0.049236887228294446	2.6238597227409275	23.27559917315814
1.2333333333333334	-0.002297680269599922	0.09144076848296345	2.149066058625907	-13.993918521284881
1.25	-0.0014647089290472093	0.12087242251582486	2.0241203575430124	-12.423172564814172
1.2666666666666666	7.565479790932472E-4	0.1589114470677303	1.9158340832711638	-3.712672260748998
1.2833333333333332	4.788908655757318E-4	0.1847335586248634	1.7325803883495605	-13.422738173477304
1.3	4.788908655757318E-4	0.21666412667938262	1.6159644006721954	-8.567705217113152
1.3166666666666667	2.0123375205816085E-4	0.23859903864726995	1.3327541448842921	-12.28037747786215
1.3333333333333333	4.788908655757318E-4	0.2610892648421922	1.2661164376400744	-5.711803478075774
1.3499999999999999	-3.5408047497698103E-4	0.28080291990193895	1.1245113097461144	-11.280811869199017
1.3666666666666667	4.788908655757318E-4	0.2985729751670627	0.9079387612024107	-9.281680651872751
1.3833333333333333	-0.0011870518155296383	0.31106754527535285	0.7746633467139901	-6.996959260642394
1.4	-7.642336145941009E-5	0.3243950867241957	0.7163553528753023	-6.854164173690419
1.4166666666666667	7.565479790932472E-4	0.33494605703786295	0.5331016579537116	-8.282115043209618
1.4333333333333333	0.001311862206128389	0.34216514198931947	0.4248153836818669	-1.8563361303747543
1.45	0.0010342050926108182	0.3491065698272585	0.47479366411503215	8.996090477968707
1.4666666666666666	0.0015895193196459045	0.35799159745982034	0.7163553528752938	11.423606956151039
1.4833333333333334	0.0024224906601986174	0.3729850815897685	0.899609047796893	4.855032956364153
1.5	0.0027001477737161883	0.3879785657197168	0.8579604807692599	-3.85546734770102
1.5166666666666666	0.004366090454821503	0.4015837642820772	0.7663336333084638	-1.9991312173267761
1.5333333333333332	0.0040884333413039875	0.4135230201633322	0.774663346713985	1.2851557825669304
1.55	0.0040884333413039875	0.4274058758392101	0.8329713405526773	3.1414919129416554
1.5666666666666664	0.004921404681856645	0.4412887315150881	0.8662901941747845	3.7126722607489735
1.5833333333333335	0.005476718908891787	0.45628221564503635	0.9579170416355691	-0.9995656086631397
1.6	0.005476718908891787	0.4732192995696074	0.8662901941747918	-4.283852608556773
1.6166666666666665	0.00686500447647953	0.4851585554508625	0.7580039199029327	-5.283418217219999
1.6333333333333335	0.007975632930549814	0.49848609689970524	0.7330147796863502	3.712672260749023
1.65	0.006309690249444444	0.5095923814404076	0.832971340552687	0.8567705217113661
1.6666666666666665	0.009363918498137613	0.5262518082514612	0.8413010539582076	-3.569877173797255
1.6833333333333331	0.009086261384620042	0.5376357499056812	0.6497176456310851	-6.282983825883013
1.7	0.009641575611655184	0.5479090631058308	0.6413879322255462	1.5707459564707
1.716666666666667	0.009641575611655184	0.5590153476465332	0.7080256394697719	4.997828043316397
1.7333333333333334	0.012418146746830727	0.5715099177548233	0.8079822003361085	-0.42838526085555556
1.75	0.012695803860348298	0.5859480876577365	0.7246850662808374	-7.568139608450426
1.7666666666666666	0.012695803860348298	0.5956660866308511	0.5164422311426621	-8.853295391017197
1.783333333333333	0.014361746541453668	0.603162828695825	0.43314509708739013	0.8567705217113718
1.8	0.012973460973865869	0.6101042565337641	0.5331016579537158	1.427950869518934
1.8166666666666664	0.015194717882006326	0.6209328839609489	0.5331016579537158	-3.1414919129416345
1.8333333333333335	0.014361746541453668	0.627874311798888	0.3831668166542268	-4.283852608556605
1.85	0.014361746541453668	0.6337051111827566	0.3914965300597607	-0.42838526085554984
1.8666666666666665	0.01602768922255904	0.6409241961342131	0.3914965300597597	-1.570745956470721
1.8833333333333335	0.017138317676629267	0.646754995518082	0.32485882281554684	-3.569877173797255
1.9	0.016583003449594125	0.6517528235613981	0.2748805423823856	-0.42838526085581063
1.9166666666666665	0.016860660563111696	0.6559176802641614	0.29986968259896635	0.28559017390379066
1.9333333333333331	0.017415974790146782	0.6617484796480302	0.3081993960044905	-2.713106652085829
1.95	0.018526603244217066	0.6661909934643111	0.19991312173264025	-6.5685739997868415
1.966666666666667	0.018526603244217066	0.6684122503724517	0.08329713405526504	-3.7126722607489735
1.9833333333333334	0.016583003449594125	0.6689675645994866	0.06663770724420952	-1.4279508695186884
2.0	0.017971289017181924	0.670633507280592	0.058307993838691445	-0.14279508695176876
2.0166666666666666	0.017693631903664353	0.6709111643941097	0.041648567027634927	-1.2851557825671853
2.033333333333333	0.018526603244217066	0.6720217928481799	0.03331885362210454	-5.426213304171767
2.05	0.018526603244217066	0.6720217928481799	-0.13327541448843092	-3.998262434652761
2.0666666666666664	0.01880426035773458	0.6675792790318988	-0.14993484129948545	-0.8567705217113605
2.0833333333333335	0.019637231698287294	0.6670239648048637	-0.09995656086631653	-0.28559017390353175
2.1	0.019637231698287294	0.6642473936696882	-0.1915834083271096	-2.7131066520858473
2.1166666666666667	0.019914888811804865	0.66063785119396	-0.19158340832711385	-2.713106652086138
2.1333333333333333	0.018526603244217066	0.6578612800587844	-0.2582211155713357	-2.427516478182093
2.15	0.017971289017181924	0.6520304806749155	-0.3081993960044967	-0.9995656086631397
2.1666666666666665	0.018526603244217066	0.6475879668586346	-0.26655082897685756	1.427950869518934
2.183333333333333	0.018248946130699495	0.6431454530423537	-0.266550828976854	-5.140623130267907
2.2	0.019081917471252152	0.6387029392260728	-0.41648567027633515	-5.426213304171695
2.216666666666667	0.018526603244217066	0.6292625973664757	-0.49978280433161065	-2.2847213912300397
2.2333333333333334	0.018248946130699495	0.6220435124150192	-0.4498045238984453	1.1423606956151626
2.25	0.016860660563111696	0.6142691132365277	-0.47479366411502794	1.8563361303742565
2.2666666666666666	0.014084089427936097	0.6062170569445183	-0.3998262434652885	0.5711803478075813
2.283333333333333	0.013806432314418526	0.6009415717876847	-0.4164856702763407	-3.9982624346528137
2.3	0.014361746541453668	0.5923342012686403	-0.5664205115758282	-7.996524869305776
2.3166666666666664	0.012695803860348298	0.5820608880684905	-0.6747067858476632	-3.2842869998934208
2.3333333333333335	0.010752204065725413	0.569843975073718	-0.6913662126587152	1.5707459564709552
2.35	0.010752204065725413	0.5590153476465332	-0.6080690786034546	0.7139754347595946
2.3666666666666667	0.010474546952207786	0.5495750057869362	-0.6497176456310895	-1.4279508695189531
2.3833333333333333	0.0099192327251727	0.5373580927921636	-0.6913662126587244	-2.427516478182093
2.4	0.010474546952207786	0.5265294653649788	-0.6996959260642506	-0.5711803478075813
2.4166666666666665	0.01019688983869027	0.5140348952566887	-0.7330147796863594	-3.1414919129416554
2.433333333333333	0.009363918498137613	0.5020956393754336	-0.7829930601195142	-2.2847213912302946
2.45	0.0085309471575849	0.487935126586038	-0.8329713405526703	-1.1423606956148924
2.466666666666667	0.006309690249444444	0.47432992802367757	-0.8079822003360988	5.854598565027503
2.4833333333333334	0.007420318703514672	0.46100238657483483	-0.6580473590366156	5.283418217219744
2.5	0.004643747568339074	0.45239501605579047	-0.5830799383868762	-2.2847213912303252
2.5166666666666666	0.0029778048872337037	0.44156638862860564	-0.758003919902942	-6.711369086738697
2.533333333333333	0.0038107762277864166	0.4271282187256925	-0.8329713405526814	-2.8559017390376513
2.55	0.0035331191142688456	0.41380067727684966	-0.8246416271471468	3.2842869998934208
2.5666666666666664	0.001311862206128389	0.3996401644874543	-0.7496742064974017	4.283852608556548
2.5833333333333335	4.788908655757318E-4	0.3888115370602694	-0.6497176456310894	-0.28559017390404184
2.6	0.0018671764331634755	0.37798290963308456	-0.7580039199029377	0.9995656086631264
2.6166666666666667	-3.5408047497698103E-4	0.36354473973017154	-0.674706785847668	-0.713975434759604
2.6333333333333333	-9.093947020121229E-4	0.3554926834381623	-0.6830364992531941	1.427950869518698
2.65	7.565479790932472E-4	0.3407768564217317	-0.7330147796863594	1.7135410434227436
2.6666666666666665	-9.093947020121229E-4	0.33105885744861707	-0.5580907981703019	3.569877173797463
2.683333333333333	-0.002020023156082351	0.32217382981605514	-0.6163987920089683	-4.855032956364121
2.7	-9.093947020121229E-4	0.3105122310483178	-0.7413444930918757	-2.4275164781823158
2.716666666666667	-0.0034083087236701504	0.29746234671299243	-0.7080256394697809	-8.996090477969158
2.7333333333333334	-0.004241280064222808	0.2869113763993252	-0.966246755041108	-7.9965248693056274
2.75	-0.0014647089290472093	0.26525412154495553	-1.1078518829350694	-6.9969592606424875
2.7666666666666666	-0.0034083087236701504	0.2499829803014898	-1.0745330293129562	-5.283418217219744
2.783333333333333	-0.003963622950705292	0.22943635390119033	-1.3410838582898184	-13.279943086525371
2.8	-0.004241280064222808	0.20528018502516276	-1.5160078398058754	-1.9991312173262528
2.8166666666666664	-0.005074251404775465	0.17890275924099464	-1.432710705750595	-1.4279508695191891
2.8333333333333335	-0.005629565631810607	0.15752316150014245	-1.4826889861837513	-8.567705217113096
2.85	-0.004796594291257894	0.129479793034869	-1.7825586687827288	-17.13541043422619
2.8666666666666667	-0.006184879858845749	0.09810453920738493	-2.0324500709485385	15.993049738611255
2.8833333333333333	-0.006462536972363264	0.061731457336584694	-1.391062138722975	48.69312465059388
2.9	-0.004518937177740379	0.05173580124995247	-0.216572548543705	41.41057521604785
2.9166666666666665	-0.007850822539951063	0.05451237238512796	0.008329713405526134	2.4275164781823477
2.933333333333333	-0.0036859658371877213	0.052013458363470044	-0.22490226194922264	-14.707893956044384
2.9499999999999997	-0.007850822539951063	0.04701563032015388	-0.4581342373039653	-7.2825494345464366
2.966666666666667	-0.0036859658371877213	0.03674231712000431	-0.5164422311426474	6.5685739997868415
2.9833333333333334	-0.005351908518293036	0.029800889282065368	-0.2165725485436965	39.411443998720536
3.0	-0.005907222745328178	0.029523232168547686	0.7330147796863594	45.40883765070041
3.0166666666666666	-0.004241280064222808	0.05423471527161061	1.482688986183771	28.844607564281578
3.033333333333333	-0.0028529944966350085	0.07894619837467332	1.574315833644567	-2.9986968259899287
3.05	-0.0028529944966350085	0.10671190972642919	1.4410404191561401	-8.710500304065116
3.0666666666666664	-0.002297680269599922	0.1269808790132111	1.207808443801367	-12.994352912621663
3.0833333333333335	-0.0017423660425647802	0.1469721911864752	1.05787360250189	-12.708762738718132
3.1	-0.0028529944966350085	0.16224333242994105	0.7663336333084724	-11.994787303958537
3.1166666666666667	-0.002297680269599922	0.17251664563009073	0.6330582188200372	-8.56770521711321
3.1333333333333333	-0.002297680269599922	0.18334527305727555	0.524771944548189	-5.854598565027326
3.15	-0.002020023156082351	0.19000904378169703	0.3998262434652885	-10.566836434439997
3.1666666666666665	-3.5408047497698103E-4	0.1966728145061185	0.2165725485436965	-2.2847213912303252
3.183333333333333	-0.0031306516101525794	0.19722812873315354	0.24156168876027492	4.141057521604527
3.1999999999999997	-9.093947020121229E-4	0.20472487079812762	0.44147481049291326	5.2834182172196735
3.216666666666667	7.565479790932472E-4	0.21194395574958413	0.3914965300597571	6.711369086738863
3.2333333333333334	2.0123375205816085E-4	0.2177747551334529	0.6163987920089851	12.56596765176611
3.25	-3.5408047497698103E-4	0.2324905821498835	0.8912793343913729	3.56987717379751
3.2666666666666666	-9.093947020121229E-4	0.24748406627983177	0.7246850662808333	-10.995221695295555
3.283333333333333	0.0029778048872337037	0.2566467510259113	0.4831233775205583	-4.855032956364186
3.3	-9.093947020121229E-4	0.2635881788638502	0.5497610847647675	0.28559017390353175
3.3166666666666664	0.0010342050926108182	0.2749721205180701	0.5580907981702862	3.569877173797463
3.3333333333333335	2.0123375205816085E-4	0.2821912054695267	0.5914096517923987	-0.9995656086631264
3.35	4.788908655757318E-4	0.29468577557781694	0.6080690786034588	-2.141926304278274
3.3666666666666667	0.0010342050926108182	0.3024601747563085	0.4581342373039714	-5.283418217219744
3.3833333333333333	4.788908655757318E-4	0.30995691682128257	0.44980452389845377	1.7135410434227436
3.4	-0.0011870518155296383	0.31745365888625676	0.5081125177371367	1.570745956470721
3.4166666666666665	-7.642336145941009E-5	0.32689400074585373	0.524771944548189	0.9995656086631397
3.433333333333333	2.0123375205816085E-4	0.33494605703786295	0.5164422311426629	-2.855901739037868
3.4499999999999997	0.0024224906601986174	0.34410874178394246	0.4581342373039653	-5.569008391123715
3.466666666666667	0.0024224906601986174	0.3502171982813287	0.3081993960044884	-4.7122378694121
3.4833333333333334	4.788908655757318E-4	0.35438205498409214	0.2915399691934402	0.7139754347595946
3.5	-3.5408047497698103E-4	0.35993519725444334	0.3498479630321231	1.7135410434227436
3.5166666666666666	-7.642336145941009E-5	0.36604365375182957	0.3498479630321231	-1.1423606956151626
3.533333333333333	-0.002020023156082351	0.3715967960221809	0.30819939600449253	-0.9995656086631397
3.55	-0.0014647089290472093	0.37631696695197925	0.308199396004484	-0.4283852608555584
3.5666666666666664	-3.5408047497698103E-4	0.38187010922233044	0.30819939600449253	-2.141926304278274
3.583333333333333	-6.31737588494552E-4	0.38659028015212893	0.23323197535474566	-8.282115043209673
3.6	-0.0014647089290472093	0.3896445084008221	0.04164856702763917	-6.711369086738952
3.6166666666666663	-0.0025753373831174375	0.3879785657197168	-0.03331885362210498	-0.5711803478075737
3.633333333333333	-0.0031306516101525794	0.3885338799467518	0.05830799383868217	1.2851557825671682
3.65	-0.005074251404775465	0.38992216551433967	0.016659426811060328	-4.855032956363992
3.666666666666667	-0.005629565631810607	0.38908919417378707	-0.11661598767737127	0.856770521711094
3.683333333333334	-0.011182707902161804	0.3860349659250939	0.008329713405526134	1.5707459564707
3.7	-0.009794422334574004	0.38936685128730464	0.024989140216578738	-4.141057521604638
3.716666666666667	-0.012848650583267174	0.3868679372656465	-0.19991312173264691	-6.282983825882968
3.733333333333333	-0.01340396481030226	0.38270308056288316	-0.18325369492158347	0.28559017390404184
3.75	-0.013959279037337402	0.38075948076826027	-0.15826455470500933	0.9995656086631397
3.766666666666667	-0.014236936150854973	0.37742759540604953	-0.17492398151606584	-2.998696825989889
3.783333333333333	-0.01479225037789006	0.3749286813843914	-0.23323197535476037	-3.141491912941484
3.8	-0.016735850172513	0.36965319622755777	-0.3081993960044881	-2.7131066520859197
3.816666666666666	-0.01645819305899543	0.3646553681842418	-0.308199396004484	-0.7139754347595946
3.833333333333333	-0.01506990749140763	0.3593798830274082	-0.33318853622106204	-0.8567705217116269
3.85	-0.014514593264372544	0.35354908364353943	-0.34151824962659705	0.14279508695202092
3.8666666666666663	-0.01479225037789006	0.34799594137318823	-0.32485882281554906	1.2851557825671682
3.883333333333333	-0.01506990749140763	0.3427204562163546	-0.29986968259896235	3.1414919129414
3.9	-0.01618053594547786	0.338000285286556	-0.22490226194921664	0.14279508695201715
3.916666666666667	-0.015902878831960288	0.3352237141513805	-0.26655082897684623	-3.712672260748924
3.933333333333334	-0.015347564604925201	0.3291152576539942	-0.3831668166542362	-3.9982624346530153
3.95	-0.015347564604925201	0.3224514869295727	-0.39149653005976753	-1.570745956470742
3.966666666666667	-0.01784647862658323	0.3160653733186689	-0.42481538368187255	-1.570745956470742
3.983333333333333	-0.01479225037789006	0.30829097414017714	-0.4581342373039714	-3.2842869998934647
4.0	-0.01784647862658323	0.30079423207520317	-0.5164422311426474	2.8559017390379062
4.016666666666667	-0.01618053594547786	0.29107623310208863	-0.4081559568708146	0.7139754347595946
4.033333333333333	-0.01784647862658323	0.28718903351284264	-0.4081559568708146	-0.14279508695202284
4.05	-0.01645819305899543	0.2774710345397282	-0.4997828043316021	-3.4270820868449774
4.066666666666666	-0.017013507286030516	0.27052960670178916	-0.46646395070949753	0.0
4.083333333333333	-0.018957107080653457	0.2619222361827449	-0.524771944548189	-4.712237869412163
4.1	-0.018957107080653457	0.25303720855018297	-0.6080690786034588	-1.570745956470721
4.116666666666666	-0.01784647862658323	0.241653266895963	-0.6080690786034588	3.2842869998933772
4.133333333333333	-0.01784647862658323	0.23276823926340107	-0.4747936641150195	3.2842869998933772
4.15	-0.01618053594547786	0.22582681142546213	-0.4831233775205454	0.0
4.166666666666667	-0.01618053594547786	0.21666412667938262	-0.5081125177371367	-3.5698771737974155
4.183333333333334	-0.015625221718442717	0.20888972750089108	-0.5664205115758196	-1.9991312173262794
4.2	-0.01645819305899543	0.19778344296018857	-0.6163987920089851	3.998262434653068
4.216666666666667	-0.015347564604925201	0.1883431011005916	-0.4248153836818669	7.5681396084500685
4.233333333333333	-0.01479225037789006	0.18362293017079312	-0.32485882281554473	-1.570745956470721
4.25	-0.01479225037789006	0.1775144736734069	-0.4914530909260844	-8.424910130161186
4.266666666666667	-0.01312630769678469	0.1672411604732571	-0.6330582188200372	-9.995656086632417
4.283333333333333	-0.01506990749140763	0.1564125330460724	-0.7913227735250509	-4.997828043316209
4.3	-0.015347564604925201	0.14086373468908897	-0.8496307673637338	-4.283852608556605
4.316666666666666	-0.015347564604925201	0.12809150746728137	-0.8746199075803122	-2.7131066520858833
4.333333333333333	-0.01506990749140763	0.11170973776974524	-0.9829061818521688	0.5711803478075813
4.35	-0.015625221718442717	0.09532796807220933	-0.8579604807692599	10.13845117358393
4.366666666666666	-0.014236936150854973	0.08311105507743666	-0.6247285054145111	9.281680651872566
4.383333333333333	-0.01340396481030226	0.07450368455839229	-0.5331016579537009	3.712672260748924
4.4	-0.01479225037789006	0.0653409998123129	-0.524771944548175	-0.7139754347595851
4.416666666666667	-0.013681621923819831	0.0570112864067861	-0.5414313713592412	-6.140188738931208
4.433333333333334	-0.012015679242714461	0.04729328743367156	-0.7246850662808333	-8.424910130161186
4.45	-0.011460365015679375	0.032855117530758315	-0.8579604807692599	0.713975434759604
4.466666666666667	-0.010905050788644233	0.018694604741362975	-0.6996959260642462	15.136279216900137
4.483333333333333	-0.008961450994021347	0.009531919995283467	-0.34151824962659705	40.12541943348067
4.5	-0.012848650583267174	0.007310663087143121	0.5747502249813543	36.98392752053923
4.516666666666667	-0.006184879858845749	0.028690260827995084	1.0911924561240087	18.4205662167936
4.533333333333333	-0.005351908518293036	0.04368374495794325	1.0162250354742735	0.8567705217116269
4.55	-0.0025753373831174375	0.0625644286771373	1.1744895901792785	-0.9995656086631397
4.566666666666666	-0.005629565631810607	0.0828333979639192	1.0078953220687388	-11.851992217006673
4.583333333333333	-0.005629565631810607	0.09616093941276194	0.7246850662808333	-14.422303782141045
4.6	-0.005074251404775465	0.10698956683994687	0.5497610847647675	-12.565967651766277
4.616666666666666	-0.006740194085880835	0.11448630890492084	0.308199396004484	-9.281680651872566
4.633333333333333	-0.007573165426433548	0.11726288004009644	0.2082428351381648	-10.13845117358366
4.65	-0.005907222745328178	0.12142773674285989	0.03331885362210365	-11.138016782247282
4.666666666666667	-0.0025753373831174375	0.11837350849416672	-0.22490226194922264	-3.855467347700943
4.683333333333334	-0.004518937177740379	0.11393099467788581	-0.09995656086632213	9.995656086631906
4.7	-0.002297680269599922	0.11504162313195598	0.14993484129947893	12.280377477862231
4.716666666666667	-0.005074251404775465	0.11892882272120175	0.29986968259896635	8.853295391017255
4.733333333333333	-0.004518937177740379	0.1250372792185881	0.44147481049291915	16.992615347274906
4.75	-0.0028529944966350085	0.13364464973763246	0.8329713405526814	9.995656086632417
4.766666666666667	0.0015895193196459045	0.15280299057034408	0.8912793343913729	-12.994352912621835
4.783333333333333	2.0123375205816085E-4	0.16335396088401133	0.32485882281554473	-24.703550042676998
4.8	2.0123375205816085E-4	0.1636316179975289	0.01665942681105227	-5.1406231302682315
4.816666666666666	0.0018671764331634755	0.16390927511104647	0.17492398151605734	8.996090477968767
4.833333333333333	0.0038107762277864166	0.16946241738139756	0.3581776764376493	6.4257789128349065
4.85	0.0018671764331634755	0.17584853099230147	0.37483710324870156	-0.713975434759094
4.866666666666666	-6.31737588494552E-4	0.1819569874896877	0.3331885362210709	-2.2847213912302644
4.883333333333333	0.0035331191142688456	0.18695481553300386	0.29153996919343245	-4.141057521604472
4.9	0.004366090454821503	0.19167498646280234	0.2082428351381648	-2.1419263042782455
4.916666666666667	0.0040884333413039875	0.1938962433709428	0.1915834083271181	-3.569877173796905
4.933333333333334	0.004643747568339074	0.19806110007370625	0.13327541448843516	0.8567705217111168
4.95	0.0038107762277864166	0.19833875718722382	0.15826455470501355	4.712237869412163
4.966666666666667	0.0038107762277864166	0.20333658523053988	0.34151824962659705	2.9986968259899287
4.983333333333333	0.00825329004406733	0.20972269884144368	0.26655082897686183	-7.425344521498046
5.0	0.015472374995523897	0.21222161286310182	0.06663770724421758	-9.13888556492079
5.016666666666667	0.012973460973865869	0.21194395574958413	-0.04164856702763917	-7.8537297823541135
5.033333333333333	0.0099192327251727	0.21083332729551396	-0.17492398151606584	2.7131066520858833
5.05	0.009363918498137613	0.20611315636571537	-0.01665942681105227	3.141491912941442
5.066666666666666	0.009363918498137613	0.21027801306847893	0.04997828043316531	0.0
5.083333333333333	0.009363918498137613	0.2077790990468208	-0.11661598767738289	-3.998262434653068
5.1	0.009363918498137613	0.20639081347923294	-0.04997828043316531	2.8559017390379062
5.116666666666666	0.009363918498137613	0.20611315636571537	-0.01665942681105227	1.4279508695191703
5.133333333333333	0.009363918498137613	0.2058354992521979	-0.008329713405525912	-0.9995656086631132
5.15	0.009363918498137613	0.2058354992521979	-0.04164856702763806	-2.4275164781822833
5.166666666666667	0.008808604271102471	0.20444721368461005	-0.09995656086632213	-1.1423606956151322
5.183333333333334	0.0085309471575849	0.20250361388998717	-0.08329713405526135	-2.2847213912303252
5.2	0.00825329004406733	0.20167064254943456	-0.14993484129947893	-2.2847213912303252
5.216666666666667	0.007142661589997101	0.1975057858466711	-0.19991312173264425	-0.2855901739035356
5.233333333333333	0.007697975817032243	0.19500687182501308	-0.13327541448842667	0.0
5.25	0.007697975817032243	0.1930632720303902	-0.1915834083271181	-0.4283852608555584
5.266666666666667	0.006032033135926873	0.18862075821410917	-0.18325369492159196	2.570311565133861
5.283333333333333	0.006032033135926873	0.18695481553300386	-0.0749674206497352	2.4275164781823477
5.3	0.006032033135926873	0.18612184419245126	-0.09995656086632213	-0.8567705217116269
5.316666666666666	0.005754376022409358	0.18362293017079312	-0.12494570108290903	-0.9995656086631397
5.333333333333333	0.005754376022409358	0.1819569874896877	-0.11661598767737438	-1.427950869518698
5.35	0.005476718908891787	0.17973573058154724	-0.17492398151605734	0.9995656086631397
5.366666666666666	0.004921404681856645	0.17612618810581904	-0.10828627427184825	-3.855467347700943
5.383333333333333	0.004921404681856645	0.17612618810581904	-0.23323197535475107	-3.998262434652962
5.4	0.0038107762277864166	0.16835178892732727	-0.34151824962658794	-4.141057521604472
5.416666666666667	0.004366090454821503	0.16474224645159918	-0.2915399691934317	3.2842869998933772
5.433333333333334	0.0038107762277864166	0.15863378995421284	-0.2832102557879141	-1.427950869519208
5.45	0.0035331191142688456	0.1553019045920021	-0.2915399691934402	0.9995656086631397
5.466666666666667	0.0035331191142688456	0.1489157909810983	-0.29986968259896635	-9.710065912728371
5.483333333333333	0.0035331191142688456	0.14530624850536988	-0.5331016579537151	-1.9991312173262794
5.5	0.0024224906601986174	0.13114573571597443	-0.5164422311426629	3.141491912941442
5.516666666666667	0.0018671764331634755	0.12809150746728115	-0.27488054238238796	8.139319956257651
5.533333333333333	0.0015895193196459045	0.12198305096989492	-0.32485882281554473	-3.2842869998934647
5.55	0.001311862206128389	0.11726288004009644	-0.3498479630321231	0.5711803478075813
5.566666666666666	4.788908655757318E-4	0.11032145220215739	-0.34151824962659705	-0.14279508695202284
5.583333333333333	-6.31737588494552E-4	0.10587893838587659	-0.3165291094100186	-2.570311565133861
5.6	-0.0025753373831174375	0.09977048188849014	-0.44147481049292764	-2.4275164781823477
5.616666666666666	-0.005907222745328178	0.09116311136944577	-0.4248153836818669	4.4266476955085095
5.633333333333333	-0.005907222745328178	0.08560996909909468	-0.26655082897684623	1.42795086951866
5.65	-0.005907222745328178	0.08227808373688394	-0.3498479630321138	-3.4270820868453966
5.666666666666667	-0.007573165426433548	0.07394837033135726	-0.44147481049291915	-8.139319956257435
5.683333333333334	-0.008961450994021347	0.06756225672045335	-0.5580907981702935	-3.56987717379751
5.7	-0.01312630769678469	0.055345343725680785	-0.6330582188200372	3.712672260749023
5.716666666666667	-0.010627393675126662	0.04646031609311885	-0.39982624346527995	0.8567705217111168
5.733333333333333	-0.008961450994021347	0.042017802276838045	-0.5414313713592412	-1.8563361303747665
5.75	-0.007017851199398406	0.028412603714477624	-0.5914096517924151	3.2842869998929545
5.766666666666667	-0.008406136766986205	0.022304147217091064	-0.3331885362210794	14.27950869518902
5.783333333333333	-0.008406136766986205	0.01730631917377501	-0.15826455470500508	2.713106652086393
5.8	-0.014514593264372544	0.01702866206025755	-0.18325369492158347	11.423606956151115
5.816666666666666	-0.01312630769678469	0.011197862676388892	0.09162684746079598	25.560320564388114
5.833333333333333	-0.014236936150854973	0.020082890308950718	0.7829930601195162	25.98870582524367
5.85	-0.014236936150854973	0.03729763134703945	0.9745764684466341	2.7131066520858833
5.866666666666666	-0.012015679242714461	0.052568772590505186	0.8329713405526814	-10.28124626053568
5.883333333333333	-0.012570993469749603	0.06506334269879532	0.6330582188200203	-19.991312173263793
5.9	-0.013681621923819831	0.07367071321783969	0.191583408327113	-16.13584482556285
5.916666666666667	-0.014236936150854973	0.07144945630969912	0.0	-2.2847213912302644
5.933333333333334	-0.015625221718442717	0.07367071321783969	0.1915834083271181	4.712237869412163
5.95	-0.01506990749140763	0.07783556992060303	0.1665942681105397	-3.712672260749023
5.966666666666667	-0.01506990749140763	0.07922385548819089	0.04164856702763917	-4.997828043316209
5.983333333333333	-0.01506990749140763	0.07922385548819089	0.0	7.710934695402091
6.0	-0.01506990749140763	0.07922385548819089	0.26655082897686183	8.853295391016744
6.016666666666667	-0.01506990749140763	0.08810888312075282	0.3914965300597538	5.283418217219744
6.033333333333333	-0.01506990749140763	0.09227373982351605	0.3498479630321231	-2.8559017390379062
6.05	-0.01618053594547786	0.09977048188849014	0.3581776764376578	-5.56900839112328
6.066666666666666	-0.017013507286030516	0.10421299570477116	0.1416051278939613	-6.711369086738952
6.083333333333333	-0.018957107080653457	0.10449065281828873	0.09995656086632213	-0.2855901739035356
6.1	-0.0195124213076886	0.1075448810669819	0.17492398151606584	3.2842869998934647
6.116666666666666	-0.01979007842120617	0.11032145220215761	0.1915834083271181	-0.4283852608555584
6.133333333333333	-0.020067735534723685	0.11393099467788581	0.17492398151605734	-2.7131066520858114
6.1499999999999995	-0.020067735534723685	0.11615225158602627	0.09162684746079354	-4.997828043316075
6.166666666666667	-0.020067735534723685	0.11698522292657887	0.008329713405525912	0.9995656086631132
6.183333333333334	-0.018679449967135886	0.11642990869954384	0.09995656086632213	0.28559017390403807
6.2	-0.017568821513065658	0.12031710828878961	0.08329713405526985	-5.1406231302682315
6.216666666666667	-0.017291164399548087	0.11920647983471944	-0.12494570108290053	-4.141057521604582
6.233333333333333	-0.016735850172513	0.11615225158602627	-0.06663770724421758	3.998262434653068
6.25	-0.01618053594547786	0.11698522292657887	0.04997828043315681	3.998262434653068
6.266666666666667	-0.015625221718442717	0.11781819426713158	0.04997828043315681	-3.141491912941442
6.283333333333333	-0.012293336356232032	0.11865116560768418	-0.04164856702763067	-0.4283852608555584
6.3	-0.01173802212919689	0.11642990869954384	-0.008329713405526134	2.1419263042783023
6.316666666666666	-0.01034973656160909	0.11837350849416672	0.08329713405526985	1.7135410434227436
6.333333333333333	-0.009794422334574004	0.11920647983471944	0.024989140216578404	-3.8554673477010457
6.35	-0.009794422334574004	0.11920647983471944	-0.04164856702763917	-2.1419263042783023
6.366666666666666	-0.009239108107538918	0.11781819426713158	-0.058307993838691445	-2.4275164781823477
6.383333333333333	-0.009239108107538918	0.11726288004009644	-0.09995656086632213	-5.140623130267585
6.3999999999999995	-0.010627393675126662	0.11448630890492084	-0.24156168876026848	-8.710500304065
6.416666666666667	-0.012015679242714461	0.10921082374808722	-0.3914965300597519	-1.8563361303742072
6.433333333333334	-0.012015679242714461	0.10143642456959556	-0.3331885362210709	3.4270820868453966
6.45	-0.012293336356232032	0.09810453920738493	-0.22490226194922264	3.8554673477010457
6.466666666666667	-0.012015679242714461	0.09393968250462148	-0.23323197535475726	0.0
6.483333333333333	-0.010627393675126662	0.09033014002889317	-0.2165725485436965	1.9991312173267894
6.5	-0.008128479653468634	0.08672059755316497	-0.17492398151605734	-1.8563361303747665
6.516666666666667	-0.003963622950705292	0.08449934064502451	-0.24989140216580105	-3.712672260749023
6.533333333333333	-0.003963622950705292	0.07839088414763817	-0.34151824962659705	-0.713975434759604
6.55	-0.004518937177740379	0.07311539899080455	-0.2582211155713357	1.570745956470721
6.566666666666666	-0.004796594291257894	0.06978351362859381	-0.26655082897686183	2.8559017390379062
6.583333333333333	-0.003963622950705292	0.06423037135824261	-0.20824283513817035	-0.9995656086631397
6.6	-0.0025753373831174375	0.06284208579065476	-0.23323197535474877	0.0
6.616666666666666	-0.0034083087236701504	0.05645597217975107	-0.2832102557879141	-5.426213304171767
6.633333333333333	-0.0031306516101525794	0.05340174393105779	-0.3415182496266055	-0.9995656086631132
6.6499999999999995	-0.003963622950705292	0.04507203052553099	-0.3914965300597434	9.852860999680132
6.666666666666667	0.0010342050926108182	0.04035185959573262	0.0	6.854164173690283
6.683333333333334	0.0018671764331634755	0.04507203052553099	-0.04997828043316531	-3.4270820868453966
6.7	0.0010342050926108182	0.038685916914627194	-0.26655082897685334	-8.282115043209673
6.716666666666667	7.565479790932472E-4	0.03618700289296917	-0.23323197535475726	1.7135410434227436
6.733333333333333	2.0123375205816085E-4	0.03091151773613543	-0.2582211155713357	-7.8537297823536045
6.75	2.0123375205816085E-4	0.0275796323739248	-0.433145097087393	-4.283852608556605
6.766666666666667	0.005476718908891787	0.016473347833222407	-0.49978280433161065	1.1423606956151626
6.783333333333333	0.00825329004406733	0.01092020556287121	-0.3165291094100186	6.8541641736904655
6.8	0.008808604271102471	0.005922377519555155	-0.2915399691934402	10.13845117358444
6.816666666666666	0.0024224906601986174	0.0012022065897565604	-0.01665942681104377	17.706590782034
6.833333333333333	0.0021448335466810464	0.0053670632925202355	0.3581776764376578	14.136713608236487
6.85	0.0018671764331634755	0.013141462471011778	0.4498045238984368	6.8541641736904655
6.866666666666666	0.0018671764331634755	0.020360547422468178	0.5497610847647759	9.424475738824835
6.883333333333333	0.004643747568339074	0.031466831963170794	0.7829930601195246	0.5711803478075661
6.8999999999999995	0.008808604271102471	0.04646031609311885	0.624728505414486	-10.995221695295264
6.916666666666667	0.009641575611655184	0.052291115476987504	0.3248588228155361	-25.560320564386924
6.933333333333334	0.0099192327251727	0.05728894352030367	-0.13327541448842667	-16.849820260322435
6.95	0.011029861179242983	0.0478486016607067	-0.3831668166542362	1.9991312173262794
6.966666666666667	0.01186283251979564	0.04451671629849585	0.01665942681105227	17.70659078203451
6.983333333333333	0.01186283251979564	0.04840391588774173	0.24156168876028342	9.281680651872813
7.0	0.01186283251979564	0.052568772590505186	0.2915399691934402	1.2851557825666753
7.016666666666667	0.012418146746830727	0.05812191486085638	0.29986968259896635	-3.712672260749023
7.033333333333333	0.014361746541453668	0.0625644286771373	0.1665942681105397	-10.281246260535951
7.05	0.014361746541453668	0.06367505713120758	-0.04997828043316531	-6.8541641736904655
7.066666666666666	0.017693631903664353	0.06089848599603187	-0.09162684746079598	2.1419263042783023
7.083333333333333	0.018526603244217066	0.0606208288825143	0.04997828043316531	6.854164173690974
7.1	0.018526603244217066	0.0625644286771373	0.1416051278939613	0.9995656086631397
7.116666666666666	0.019637231698287294	0.0653409998123129	0.09162684746079598	-3.2842869998934647
7.133333333333333	0.02130317437939261	0.06561865692583047	0.008329713405526134	-5.85459856502717
7.1499999999999995	0.021580831492910235	0.06561865692583047	-0.08329713405526763	-2.8559017390378303
7.166666666666667	0.02213614571994532	0.06284208579065476	-0.11661598767737127	-1.1423606956151322
7.183333333333334	0.022413802833462892	0.061731457336584694	-0.09162684746079598	2.4275164781822833
7.2	0.02352443128753312	0.059787857541961587	-0.058307993838691445	2.1419263042783023
7.216666666666667	0.02352443128753312	0.0597878575419617	0.0	-0.5711803478075813
7.233333333333333	0.02352443128753312	0.0597878575419617	-0.07496742064974372	-3.56987717379751
7.25	0.02463505974160335	0.05728894352030367	-0.1416051278939528	-0.4283852608555584
7.266666666666667	0.026023345309191148	0.055067686612163214	-0.08329713405526985	-0.5711803478075813
7.283333333333333	0.026301002422708664	0.05451237238512796	-0.13327541448843516	-2.8559017390379062
7.3	0.027966945103814034	0.05062517279588219	-0.2165725485436965	-2.855901739037396
7.316666666666666	0.028799916444366747	0.04729328743367145	-0.20824283513817035	0.9995656086631397
7.333333333333333	0.030188202011954546	0.04368374495794325	-0.1915834083271096	6.140188738931371
7.35	0.030465859125472117	0.04090717382276776	-0.01665942681105227	-1.427950869519208
7.366666666666666	0.027966945103814034	0.04312843073090811	-0.15826455470501355	2.427516478181838
7.383333333333333	0.027966945103814034	0.035631688665934025	-0.09162684746079598	2.4275164781822833
7.3999999999999995	0.029632887784919404	0.04007420248221494	0.09162684746079354	-0.9995656086631132
7.416666666666667	0.03157648757954229	0.038685916914627194	-0.2082428351381648	-13.565533260429056
7.433333333333334	0.034630715828235514	0.033132774644276	-0.36650738984317544	-2.8559017390378303
7.45	0.034630715828235514	0.02646900391985474	-0.30819939600449253	3.8554673477010457
7.466666666666667	0.032409458920095	0.022859461444126206	-0.20824283513817887	5.5690083911237895
7.483333333333333	0.031298830466024774	0.019527576081915576	-0.1416051278939528	2.1419263042788694
7.5	0.030188202011954546	0.018139290514327833	-0.11661598767737749	1.427950869518698
7.516666666666666	0.030465859125472117	0.015640376492669805	-0.11661598767737438	-1.7135410434226983
7.533333333333333	0.030465859125472117	0.014252090925082062	-0.14993484129947093	3.141491912941442
7.550000000000001	0.031854144693059916	0.01064254844935375	-0.058307993838682945	8.710500304064768
7.566666666666666	0.030743516238989632	0.012308491130459176	0.18325369492159196	11.13801678224707
7.583333333333334	0.03157648757954229	0.01675100494674009	0.308199396004484	4.426647695508117
7.6	0.032409458920095	0.022581804330608746	0.33318853622106237	-0.8567705217111168
7.616666666666667	0.032964773147130144	0.02785728948744226	0.27488054238238796	-3.2842869998934647
7.633333333333333	0.03324243026064766	0.031744489076688254	0.2165725485436965	-7.13975434759451
7.65	0.03324243026064766	0.03507637443889888	0.058307993838682945	-4.712237869412163
7.666666666666666	0.029910544898436975	0.03368808887131114	0.008329713405534638	0.428385260855547
7.683333333333334	0.02657865953622629	0.035354031552416565	0.11661598767737127	5.711803478075455
7.7	0.02519037396863849	0.03757528846055691	0.18325369492158836	3.141491912941442
7.716666666666666	0.02352443128753312	0.04146248804980268	0.23323197535475498	-2.2847213912303252
7.7333333333333325	0.024079745514568207	0.04534968763904845	0.11661598767737127	-4.283852608556719
7.75	0.024079745514568207	0.04534968763904845	0.04997828043316531	-1.9991312173261728
7.766666666666666	0.02491271685512092	0.04701563032015388	0.08329713405526763	-0.856770521711094
7.783333333333334	0.02352443128753312	0.04812625877422416	0.016659426811060328	-4.283852608556605
7.8	0.02296911706049798	0.04757094454718913	-0.06663770724421085	-2.5703115651342334
7.816666666666666	0.022691459946980408	0.04590500186608382	-0.07496742064974173	-0.4283852608555698
7.833333333333334	0.021580831492910235	0.04507203052553099	-0.06663770724421758	1.4279508695186218
7.85	0.01880426035773458	0.04368374495794325	-0.04164856702762957	1.2851557825672195
7.866666666666668	0.01880426035773458	0.04368374495794325	-0.00832971340553486	-1.8563361303742565
7.883333333333332	0.018526603244217066	0.04340608784442557	-0.09995656086632479	-0.5711803478075813
7.9	0.013528775200900955	0.04035185959573262	-0.0666377072442073	0.2855901739035432
7.916666666666666	0.012418146746830727	0.04118483093628522	-0.03331885362210454	0.8567705217110712
7.933333333333334	0.00825329004406733	0.039241231141662336	-0.08329713405526763	-2.8559017390379826
7.95	0.007975632930549814	0.03840825980110951	-0.09995656086632479	-0.2855901739035356
7.966666666666666	0.00686500447647953	0.035909345779451485	-0.11661598767737749	-0.5711803478075813
7.9833333333333325	0.006032033135926873	0.03452106021186374	-0.09995656086631946	-2.284721391230386
8.0	0.005754376022409358	0.032577460417240856	-0.1915834083271181	-1.5707459564706792
8.016666666666666	0.004366090454821503	0.028134946600959942	-0.18325369492159196	1.1423606956151016
8.033333333333333	0.0032554620007512747	0.026469003919854517	-0.11661598767737667	1.7135410434227436
8.05	0.0029778048872337037	0.02424774701171395	-0.1416051278939528	0.42838526085604567
8.066666666666666	0.0024224906601986174	0.021748832990056144	-0.10828627427183976	2.1419263042783023
8.083333333333334	0.0024224906601986174	0.02063820453598586	-0.058307993838682945	1.570745956470721
8.1	0.0024224906601986174	0.01980523319543326	-0.058307993838682945	-2.4275164781823477
8.116666666666667	0.0024224906601986174	0.018694604741362975	-0.13327541448843516	-3.141491912941442
8.133333333333333	-0.002020023156082351	0.015362719379152123	-0.18325369492159196	0.5711803478075813
8.15	-0.004241280064222808	0.012586148243976636	-0.10828627427184825	2.1419263042783023
8.166666666666666	-0.004241280064222808	0.011753176903423812	-0.09162684746079598	11.566402043103139
8.183333333333334	-0.004518937177740379	0.009531919995283467	0.20824283513817887	6.711369086738952
8.2	-0.008128479653468634	0.018694604741362975	0.27488054238238796	3.569877173797
8.216666666666667	-0.008128479653468634	0.018694604741362975	0.17492398151605734	-4.426647695508628
8.233333333333333	-0.008961450994021347	0.02452540412523163	0.23323197535475726	0.2855901739035356
8.25	-0.009794422334574004	0.02646900391985474	0.12494570108290053	-6.9969592606424875
8.266666666666666	-0.01007207944809152	0.028690260827995084	0.03331885362210454	-4.569442782460406
8.283333333333333	-0.012015679242714461	0.0275796323739248	-0.058307993838679836	-3.569877173797
8.3	-0.012293336356232032	0.0267466610333722	-0.06663770724421758	1.7135410434226523
8.316666666666666	-0.012293336356232032	0.025358375465784233	-0.01665942681105227	7.710934695402091
8.333333333333334	-0.012293336356232032	0.026191346806337057	0.1915834083271181	1.570745956470721
8.35	-0.011182707902161804	0.031744489076688254	0.09995656086632213	-4.855032956364186
8.366666666666667	-0.011182707902161804	0.029523232168547686	-0.06663770724421758	-4.5694427824606505
8.383333333333333	-0.011182707902161804	0.029523232168547686	0.0	1.9991312173267894
8.4	-0.011182707902161804	0.029523232168547686	-0.008329713405526134	-1.2851557825671853
8.416666666666666	-0.011182707902161804	0.029245575055030226	-0.04164856702763067	-0.713975434759604
8.433333333333334	-0.011182707902161804	0.028134946600959942	-0.04164856702763917	0.14279508695202284
8.45	-0.011182707902161804	0.02785728948744226	-0.024989140216578404	-0.4283852608555584
8.466666666666667	-0.011182707902161804	0.02730197526040734	-0.058307993838682945	-1.2851557825666753
8.483333333333333	-0.011182707902161804	0.025913689692819375	-0.07496742064974372	-0.713975434759604
8.5	-0.010905050788644233	0.024803061238749313	-0.07496742064974372	-1.570745956470721
8.516666666666666	-0.01034973656160909	0.023414775671161348	-0.12494570108290053	-0.9995656086635966
8.533333333333333	-0.01034973656160909	0.02063820453598586	-0.12494570108289386	0.9995656086636499
8.55	-0.01007207944809152	0.019249918968397894	-0.07496742064974372	0.713975434759566
8.566666666666666	-0.01007207944809152	0.018139290514327833	-0.09995656086632213	-1.7135410434227436
8.583333333333334	-0.01007207944809152	0.015918033606187265	-0.1416051278939613	-0.4283852608555584
8.6	-0.01007207944809152	0.013419119584529238	-0.11661598767737438	1.9991312173267894
8.616666666666667	-0.01007207944809152	0.012030834016941494	-0.06663770724420907	2.570311565133861
8.633333333333333	-0.01007207944809152	0.011197862676388892	-0.03331885362210454	2.8559017390379062
8.65	-0.01007207944809152	0.01092020556287121	0.024989140216578404	3.2842869998934647
8.666666666666666	-0.005351908518293036	0.012030834016941494	0.08329713405526135	3.712672260749533
8.683333333333334	-0.002020023156082351	0.013696776698046698	0.1416051278939613	1.8563361303747665
8.7	-9.093947020121229E-4	0.01675100494674009	0.15826455470501355	-0.9995656086631397
8.716666666666667	2.0123375205816085E-4	0.018972261854880434	0.09995656086632213	-2.570311565133861
8.733333333333333	4.788908655757318E-4	0.020082890308950718	0.06663770724421758	-1.9991312173262794
8.75	7.565479790932472E-4	0.021193518763021002	0.04164856702763067	-1.570745956470721
8.766666666666666	0.0018671764331634755	0.021471175876538462	0.008329713405526134	-1.2851557825671167
8.783333333333333	0.004366090454821503	0.021471175876538462	0.0	-0.5711803478075813
8.8	0.006032033135926873	0.021471175876538462	-0.008329713405534638	-3.2842869998932898
8.816666666666666	0.006587347362962015	0.02119351876302078	-0.09995656086632213	-2.855901739037396
8.833333333333334	0.007420318703514672	0.018139290514327833	-0.13327541448841815	-0.5711803478075813
8.85	0.006587347362962015	0.01675100494674009	-0.09162684746079598	1.2851557825666753
8.866666666666667	0.005754376022409358	0.015085062265634663	-0.09995656086632213	-0.2855901739040457
8.883333333333333	0.005199061795374216	0.013419119584529238	-0.09995656086632213	-0.8567705217111168
8.9	0.005199061795374216	0.011753176903423812	-0.12494570108290053	0.713975434759604
8.916666666666666	0.006309690249444444	0.009254262881766007	-0.09162684746079598	5.283418217219744
8.933333333333334	0.007697975817032243	0.008698948654730643	0.058307993838682945	7.282549434546023
8.95	0.007420318703514672	0.011197862676388892	0.1665942681105397	1.9991312173262794
8.966666666666667	0.006587347362962015	0.01425209092508184	0.12494570108290053	-2.4275164781823477
8.983333333333333	0.006032033135926873	0.015362719379152123	0.06663770724421758	-2.855901739037396
9.0	0.004921404681856645	0.016473347833222407	0.04164856702763917	0.713975434759094
9.016666666666666	0.004366090454821503	0.01675100494674009	0.07496742064974372	0.4283852608555356
9.033333333333333	0.0038107762277864166	0.018972261854880434	0.08329713405525692	-4.5694427824606505
9.05	0.0040884333413039875	0.019527576081915576	-0.08329713405526135	-7.139754347594129
9.066666666666666	0.006032033135926873	0.016195690719704947	-0.18325369492159196	-2.570311565133861
9.083333333333334	0.007697975817032243	0.013419119584529238	-0.14993484129947893	2.570311565133861
9.1	0.008808604271102471	0.011197862676388892	-0.09995656086632213	3.427082086845487
9.116666666666667	0.009363918498137613	0.010087234222318608	-0.03331885362210454	5.140623130267722
9.133333333333333	0.010474546952207786	0.010087234222318608	0.06663770724420907	3.427082086845487
9.15	0.010752204065725413	0.012308491130458954	0.09995656086632213	-0.2855901739035356
9.166666666666666	0.011029861179242983	0.013419119584529238	0.04164856702763067	-0.713975434759094
9.183333333333334	0.011029861179242983	0.013696776698046698	0.06663770724421758	-0.2855901739035356
9.2	0.012418146746830727	0.015640376492669805	0.058307993838691445	-2.1419263042783023
9.216666666666667	0.012418146746830727	0.015640376492669805	-0.024989140216578404	-3.855467347701556
9.233333333333333	0.012973460973865869	0.014807405152117203	-0.06663770724421758	-0.8567705217116269
9.25	0.01325111808738344	0.013419119584529238	-0.058307993838691445	1.2851557825671853
9.266666666666666	0.01325111808738344	0.012863805357494096	-0.01665942681105227	2.5703115651337236
9.283333333333333	0.01325111808738344	0.012863805357494096	0.024989140216577072	1.8563361303747665
9.3	0.01325111808738344	0.013696776698046698	0.04997828043316531	0.0
9.316666666666666	0.01325111808738344	0.014529748038599521	0.024989140216586905	0.713975434759604
9.333333333333334	0.01325111808738344	0.014529748038599521	0.058307993838682945	0.713975434759094
9.35	0.012973460973865869	0.016473347833222407	0.07496742064974372	-0.713975434759604
9.366666666666667	0.012973460973865869	0.01702866206025755	0.01665942681105227	-5.1406231302682315
9.383333333333333	0.012973460973865869	0.01702866206025755	-0.08329713405526985	-2.570311565133861
9.4	0.012418146746830727	0.01425209092508184	-0.09995656086632213	0.8567705217116269
9.416666666666666	0.011307518292760499	0.013696776698046698	-0.024989140216578404	2.9986968259899287
9.433333333333334	0.010752204065725413	0.013419119584529238	-0.008329713405526134	0.9995656086631397
9.45	0.009641575611655184	0.013419119584529238	0.008329713405526134	0.9995656086631397
9.466666666666667	0.00686500447647953	0.013696776698046698	0.024989140216586905	1.2851557825671853
9.483333333333333	0.005199061795374216	0.014252090925082062	0.04997828043316531	1.7135410434227436
9.5	0.005199061795374216	0.015362719379152123	0.08329713405526135	0.5711803478075813
9.516666666666666	0.004643747568339074	0.01702866206025755	0.07496742064974372	-0.713975434759056
9.533333333333333	0.004643747568339074	0.017861633400810373	0.049978280433162645	-1.427950869519208
9.55	0.004366090454821503	0.018694604741362975	0.03331885362210454	-1.1423606956151016
9.566666666666666	0.004366090454821503	0.018972261854880434	0.008329713405526134	-0.9995656086631397
9.583333333333334	0.004366090454821503	0.018972261854880434	0.0	-0.8567705217111168
9.6	0.004366090454821503	0.018972261854880434	-0.01665942681105227	-0.5711803478075813
9.616666666666667	0.0032554620007512747	0.018416947627845293	-0.024989140216578404	0.14279508695202284
9.633333333333333	0.0027001477737161883	0.018139290514327833	-0.008329713405526134	0.4283852608555584
9.65	0.0024224906601986174	0.018139290514327833	-0.008329713405526134	0.14279508695202284
9.666666666666666	4.788908655757318E-4	0.017861633400810373	-0.008329713405526134	0.14279508695202284
9.683333333333334	2.0123375205816085E-4	0.017861633400810373	0.0	0.2855901739035356
9.7	-3.5408047497698103E-4	0.017861633400810373	0.0	-0.2855901739040457
9.716666666666667	-6.31737588494552E-4	0.017861633400810373	-0.008329713405534638	-0.4283852608560685
9.733333333333333	-0.0017423660425647802	0.01758397628729269	-0.016659426811060772	0.0
9.75	-0.0028529944966350085	0.01730631917377501	-0.008329713405534638	0.4283852608560685
9.766666666666666	-0.0028529944966350085	0.01730631917377501	0.0	0.28559017390403046
9.783333333333333	-0.0028529944966350085	0.01730631917377501	0.0	-0.2855901739035356
9.8	-0.0036859658371877213	0.01730631917377501	-0.008329713405526134	-0.14279508695201523
9.816666666666666	-0.004518937177740379	0.01702866206025755	-0.008329713405526134	0.14279508695202284
9.833333333333334	-0.005074251404775465	0.01702866206025755	0.0	0.2855901739035356
9.85	-0.006740194085880835	0.01702866206025755	0.0	0.0
9.866666666666667	-0.007295508312915977	0.01702866206025755	0.0	-0.2855901739035356
9.883333333333333	-0.007573165426433548	0.01702866206025755	-0.008329713405526134	-0.14279508695202284
9.9	-0.007850822539951063	0.01675100494674009	-0.008329713405526134	0.14279508695202284
9.916666666666666	-0.009239108107538918	0.01675100494674009	0.0	0.0
9.933333333333334	-0.009794422334574004	0.01675100494674009	-0.008329713405534638	-0.14279508695202284
9.95	-0.010627393675126662	0.016473347833222407	-0.008329713405534638	0.14279508695202284
9.966666666666667	-0.011182707902161804	0.016473347833222407	0.0	0.2855901739040457
9.983333333333333	-0.012848650583267174	0.016473347833222407	0.0	0.0
10.0	-0.012848650583267174	0.016473347833222407	0.0	-0.2855901739035356
10.016666666666666	-0.01312630769678469	0.016473347833222407	-0.008329713405526134	-0.14279508695201523
10.033333333333333	-0.014236936150854973	0.016195690719704947	-0.00832971340552569	0.14279508695202284
10.05	-0.01479225037789006	0.016195690719704947	0.0	0.2855901739035204
10.066666666666666	-0.01479225037789006	0.016195690719704947	0.0	0.0
10.083333333333334	-0.01479225037789006	0.016195690719704947	0.0	-2.2847213912303252
10.1	-0.01506990749140763	0.016195690719704947	-0.06663770724421758	-2.2847213912303252
10.116666666666667	-0.015902878831960288	0.01397443381156438	-0.09995656086632213	0.0
10.133333333333333	-0.015902878831960288	0.012863805357494096	-0.04997828043316531	2.5703115651343706
10.15	-0.015902878831960288	0.012308491130458954	-0.01665942681104377	0.8567705217111168
10.166666666666666	-0.015902878831960288	0.012308491130459176	-0.01665942681105227	0.2855901739035356
10.183333333333334	-0.01645819305899543	0.011753176903423812	-0.016659426811060772	0.2855901739035356
10.2	-0.01784647862658323	0.011753176903423812	0.0	0.5711803478075813
10.216666666666667	-0.0195124213076886	0.011753176903423812	0.0	0.5711803478075813
10.233333333333333	-0.020067735534723685	0.011753176903423812	0.016659426811060772	0.5711803478075813
10.25	-0.020623049761758827	0.012308491130459176	0.024989140216586905	0.4283852608555584
10.266666666666666	-0.020900706875276343	0.012586148243976636	0.024989140216578404	0.14279508695150514
10.283333333333333	-0.021456021102311484	0.013141462471011778	0.03331885362210276	0.8567705217116269
10.3	-0.022011335329346626	0.013696776698046698	0.04997828043316531	-0.2855901739035204
10.316666666666666	-0.02228899244286414	0.014807405152117203	0.033318853622113044	-1.1423606956151626
10.333333333333334	-0.02228899244286414	0.014807405152117203	0.0	-1.9991312173267894
10.35	-0.02228899244286414	0.014807405152117203	-0.024989140216586905	-0.4283852608555584
10.366666666666667	-0.02228899244286414	0.01397443381156438	-0.024989140216586905	0.4283852608555584
10.383333333333333	-0.022011335329346626	0.01397443381156438	0.0	0.8567705217116269
10.4	-0.020900706875276343	0.01397443381156438	0.0	0.0
10.416666666666666	-0.020900706875276343	0.01397443381156438	0.0	0.0
10.433333333333334	-0.01979007842120617	0.01397443381156438	0.0	-0.5711803478075813
10.45	-0.01979007842120617	0.01397443381156438	-0.01665942681105227	-0.8567705217111168
10.466666666666667	-0.0195124213076886	0.013419119584529238	-0.03331885362210454	-0.5711803478075813
10.483333333333333	-0.019234764194171028	0.012863805357494096	-0.03331885362210454	0.5711803478075813
10.5	-0.018957107080653457	0.012308491130458954	-0.01665942681105227	0.8567705217116269
10.516666666666666	-0.01784647862658323	0.012308491130458954	8.50176501301078E-15	0.5711803478075508
10.533333333333333	-0.017568821513065658	0.012308491130459176	0.0	0.0
10.55	-0.017013507286030516	0.012308491130458954	0.0	0.0
10.566666666666666	-0.017013507286030516	0.012308491130459176	0.0	0.0
10.583333333333334	-0.01618053594547786	0.012308491130458954	0.0	0.0
10.6	-0.01618053594547786	0.012308491130459176	0.0	0.0
10.616666666666667	-0.014514593264372544	0.012308491130458954	-8.50176501301078E-15	0.0
10.633333333333333	-0.013681621923819831	0.012308491130458954	0.0	0.0
10.65	-0.01173802212919689	0.012308491130458954	0.0	0.0
10.666666666666666	-0.009794422334574004	0.012308491130458954	0.0	0.0
10.683333333333334	-0.008406136766986205	0.012308491130458954	0.0	0.0
10.7	-0.007573165426433548	0.012308491130458954	8.50176501301078E-15	0.2855901739035356
10.716666666666667	-0.007295508312915977	0.012308491130459176	0.008329713405534638	-0.14279508695202284
10.733333333333333	-0.004241280064222808	0.012586148243976636	0.0	
10.75	-0.009794422334574004	0.012308491130459176		
